# Created by Octave 3.8.1, Wed Feb 03 05:31:04 2016 BRT <kienz@kienz-SVE14A15FBW>
# name: globalSum
# type: matrix
# rows: 6
# columns: 1
 291.4551238555538
 128.4041952367294
 122.9829050052995
 91.24731616961537
 79.25376809143127
 70.81780121792178


